# Included explicitly in both control files.
output band 0.00000000 0.00000000 0.00000000 0.00000000 0.00000000 0.75000000 4
output band 0.00000000 0.25000000 0.00000000 0.00000000 0.25000000 0.75000000 4
output band 0.00000000 0.50000000 0.00000000 0.00000000 0.50000000 0.75000000 4
output band 0.00000000 0.75000000 0.00000000 0.00000000 0.75000000 0.75000000 4
output band 0.25000000 0.00000000 0.00000000 0.25000000 0.00000000 0.75000000 4
output band 0.25000000 0.25000000 0.00000000 0.25000000 0.25000000 0.75000000 4
output band 0.25000000 0.50000000 0.00000000 0.25000000 0.50000000 0.75000000 4
output band 0.25000000 0.75000000 0.00000000 0.25000000 0.75000000 0.75000000 4
output band 0.50000000 0.00000000 0.00000000 0.50000000 0.00000000 0.75000000 4
output band 0.50000000 0.25000000 0.00000000 0.50000000 0.25000000 0.75000000 4
output band 0.50000000 0.50000000 0.00000000 0.50000000 0.50000000 0.75000000 4
output band 0.50000000 0.75000000 0.00000000 0.50000000 0.75000000 0.75000000 4
output band 0.75000000 0.00000000 0.00000000 0.75000000 0.00000000 0.75000000 4
output band 0.75000000 0.25000000 0.00000000 0.75000000 0.25000000 0.75000000 4
output band 0.75000000 0.50000000 0.00000000 0.75000000 0.50000000 0.75000000 4
output band 0.75000000 0.75000000 0.00000000 0.75000000 0.75000000 0.75000000 4
